CUDA is supported
tensor([ 0.1485, -1.3787,  0.1290,  1.5309, -0.0792, -0.5280, -1.8744,  0.7430,
        -1.4805,  0.1403,  0.1918,  0.5914, -1.4946, -2.9032,  0.0826])
Accuracy : tensor([89.6583, 97.5287, 88.1402, 82.4022, 94.8491, 94.4629, 98.6133, 95.1909,
        95.7407, 97.7714, 97.7714, 98.3954, 96.9963, 99.8168, 67.7711])
Precision : tensor([0.0059, 0.0097, 0.1029, 0.0007, 0.0015, 0.0074, 0.0000, 0.0022, 0.0030,
        0.0000, 0.0037, 0.0015, 0.0000, 0.0000, 0.6784])
Recall : tensor([3.5537e-03, 8.1724e-03, 5.1870e-02, 3.7147e-04, 1.4859e-03, 5.5721e-03,
        0.0000e+00, 2.2288e-03, 9.9059e-04, 0.0000e+00, 2.9718e-03, 1.4859e-03,
        0.0000e+00, 0.0000e+00, 7.6172e-01])
BCR : tensor([4.7486e-03, 8.9153e-03, 7.7384e-02, 5.5721e-04, 1.4859e-03, 6.5007e-03,
        0.0000e+00, 2.2288e-03, 1.9812e-03, 0.0000e+00, 3.3432e-03, 1.4859e-03,
        0.0000e+00, 0.0000e+00, 7.2006e-01])
Confusion: tensor([[3.6364e-01, 1.0000e-10, 1.0000e-10, 1.0000e-10, 1.0000e-10, 1.0000e-10,
         1.0000e-10, 1.0000e-10, 1.0000e-10,        nan, 1.0000e-10, 1.0000e-10,
         1.0000e-10, 1.0000e-10, 1.0000e-10, 1.2105e-01],
        [1.0000e-10, 4.1935e-01, 1.0000e-10, 1.0000e-10, 1.0000e-10, 1.0000e-10,
         1.0000e-10, 1.0000e-10, 1.0000e-10,        nan, 1.0000e-10, 1.0000e-10,
         1.0000e-10, 1.0000e-10, 1.0000e-10, 2.8074e-02],
        [1.0000e-10, 1.0000e-10, 6.7699e-01, 1.0000e-10, 1.0000e-10, 1.0000e-10,
         1.0000e-10, 1.0000e-10, 1.0000e-10,        nan, 1.0000e-10, 1.0000e-10,
         1.0000e-10, 1.0000e-10, 1.0000e-10, 1.3541e-01],
        [1.0000e-10, 1.0000e-10, 1.0000e-10, 1.0000e+00, 1.0000e-10, 1.0000e-10,
         1.0000e-10, 1.0000e-10, 1.0000e-10,        nan, 1.0000e-10, 1.0000e-10,
         1.0000e-10, 1.0000e-10, 1.0000e-10, 2.0738e-01],
        [1.0000e-10, 1.0000e-10, 1.0000e-10, 1.0000e-10, 1.0000e+00, 1.0000e-10,
         1.0000e-10, 1.0000e-10, 1.0000e-10,        nan, 1.0000e-10, 1.0000e-10,
         1.0000e-10, 1.0000e-10, 1.0000e-10, 6.0702e-02],
        [1.0000e-10, 1.0000e-10, 1.0000e-10, 1.0000e-10, 1.0000e-10, 6.6667e-01,
         1.0000e-10, 1.0000e-10, 1.0000e-10,        nan, 1.0000e-10, 1.0000e-10,
         1.0000e-10, 1.0000e-10, 1.0000e-10, 6.4962e-02],
        [1.0000e-10, 1.0000e-10, 1.0000e-10, 1.0000e-10, 1.0000e-10, 1.0000e-10,
         1.0000e-10, 1.0000e-10, 1.0000e-10,        nan, 1.0000e-10, 1.0000e-10,
         1.0000e-10, 1.0000e-10, 1.0000e-10, 1.5876e-02],
        [1.0000e-10, 1.0000e-10, 1.0000e-10, 1.0000e-10, 1.0000e-10, 1.0000e-10,
         1.0000e-10, 7.5000e-01, 1.0000e-10,        nan, 1.0000e-10, 1.0000e-10,
         1.0000e-10, 1.0000e-10, 1.0000e-10, 5.6441e-02],
        [1.0000e-10, 1.0000e-10, 1.0000e-10, 1.0000e-10, 1.0000e-10, 1.0000e-10,
         1.0000e-10, 1.0000e-10, 4.0000e-01,        nan, 1.0000e-10, 1.0000e-10,
         1.0000e-10, 1.0000e-10, 1.0000e-10, 4.9845e-02],
        [1.0000e-10, 1.0000e-10, 1.0000e-10, 1.0000e-10, 1.0000e-10, 1.0000e-10,
         1.0000e-10, 1.0000e-10, 1.0000e-10,        nan, 1.0000e-10, 1.0000e-10,
         1.0000e-10, 1.0000e-10, 1.0000e-10, 2.6265e-02],
        [1.0000e-10, 1.0000e-10, 1.0000e-10, 1.0000e-10, 1.0000e-10, 1.0000e-10,
         1.0000e-10, 1.0000e-10, 1.0000e-10,        nan, 6.2500e-01, 1.0000e-10,
         1.0000e-10, 1.0000e-10, 1.0000e-10, 2.6090e-02],
        [1.0000e-10, 1.0000e-10, 1.0000e-10, 1.0000e-10, 1.0000e-10, 1.0000e-10,
         1.0000e-10, 1.0000e-10, 1.0000e-10,        nan, 1.0000e-10, 6.6667e-01,
         1.0000e-10, 1.0000e-10, 1.0000e-10, 1.8853e-02],
        [1.0000e-10, 1.0000e-10, 1.0000e-10, 1.0000e-10, 1.0000e-10, 1.0000e-10,
         1.0000e-10, 1.0000e-10, 1.0000e-10,        nan, 1.0000e-10, 1.0000e-10,
         1.0000e-10, 1.0000e-10, 1.0000e-10, 3.5254e-02],
        [1.0000e-10, 1.0000e-10, 1.0000e-10, 1.0000e-10, 1.0000e-10, 1.0000e-10,
         1.0000e-10, 1.0000e-10, 1.0000e-10,        nan, 1.0000e-10, 1.0000e-10,
         1.0000e-10, 1.0000e-10, 1.0000e-10, 2.1012e-03],
        [1.0000e-10, 1.0000e-10, 1.0000e-10, 1.0000e-10, 1.0000e-10, 1.0000e-10,
         1.0000e-10, 1.0000e-10, 1.0000e-10,        nan, 1.0000e-10, 1.0000e-10,
         1.0000e-10, 1.0000e-10, 6.7783e-01, 1.5170e-01],
        [6.3636e-01, 5.8065e-01, 3.2301e-01, 1.0000e-10, 1.0000e-10, 3.3333e-01,
         1.0000e+00, 2.5000e-01, 6.0000e-01,        nan, 3.7500e-01, 3.3333e-01,
         1.0000e+00, 1.0000e+00, 3.2217e-01, 1.0000e-10]])
