CUDA is supported
tensor([ 0.1085,  1.1354,  0.0508,  0.3153, -0.0087,  0.6643, -2.3013,  0.8198,
        -0.3967, -0.8825,  0.7620, -0.4985,  0.1229, -2.5199,  0.1613])
Accuracy : tensor([90.1784, 97.5782, 90.1710, 82.5978, 94.9433, 94.6189, 98.8461, 95.4881,
        95.8126, 97.9199, 98.0686, 98.5093, 97.0433, 99.8168, 72.2883])
Precision : tensor([1.4079e-01, 2.0059e-02, 3.7493e-01, 3.1204e-02, 8.6924e-02, 3.2318e-02,
        0.0000e+00, 5.0520e-02, 7.4294e-04, 1.9316e-02, 5.2749e-02, 3.7147e-03,
        7.4294e-04, 7.4294e-04, 7.4830e-01])
Recall : tensor([8.3618e-02, 1.5230e-02, 2.6033e-01, 1.0884e-02, 6.6209e-02, 2.3650e-02,
        0.0000e+00, 4.2001e-02, 3.7147e-04, 1.5973e-02, 4.3586e-02, 3.3432e-03,
        7.4294e-04, 7.4294e-04, 7.3412e-01])
BCR : tensor([1.1220e-01, 1.7645e-02, 3.1763e-01, 2.1044e-02, 7.6566e-02, 2.7984e-02,
        0.0000e+00, 4.6261e-02, 5.5721e-04, 1.7645e-02, 4.8167e-02, 3.5290e-03,
        7.4294e-04, 7.4294e-04, 7.4121e-01])
Confusion: tensor([[6.1714e-01, 1.0000e-10, 1.0000e-10, 1.0000e-10, 1.0000e-10, 1.0000e-10,
         1.0000e-10, 1.0000e-10, 1.0000e-10, 1.0000e-10, 1.0000e-10, 1.0000e-10,
         1.0000e-10, 1.0000e-10, 1.0000e-10, 1.1620e-01],
        [1.0000e-10, 7.1053e-01, 1.0000e-10, 1.0000e-10, 1.0000e-10, 1.0000e-10,
         1.0000e-10, 1.0000e-10, 1.0000e-10, 1.0000e-10, 1.0000e-10, 1.0000e-10,
         1.0000e-10, 1.0000e-10, 1.0000e-10, 3.0040e-02],
        [1.0000e-10, 1.0000e-10, 6.7655e-01, 1.0000e-10, 1.0000e-10, 1.0000e-10,
         1.0000e-10, 1.0000e-10, 1.0000e-10, 1.0000e-10, 1.0000e-10, 1.0000e-10,
         1.0000e-10, 1.0000e-10, 1.0000e-10, 1.0269e-01],
        [1.0000e-10, 1.0000e-10, 1.0000e-10, 5.1852e-01, 1.0000e-10, 1.0000e-10,
         1.0000e-10, 1.0000e-10, 1.0000e-10, 1.0000e-10, 1.0000e-10, 1.0000e-10,
         1.0000e-10, 1.0000e-10, 1.0000e-10, 2.1826e-01],
        [1.0000e-10, 1.0000e-10, 1.0000e-10, 1.0000e-10, 5.7820e-01, 1.0000e-10,
         1.0000e-10, 1.0000e-10, 1.0000e-10, 1.0000e-10, 1.0000e-10, 1.0000e-10,
         1.0000e-10, 1.0000e-10, 1.0000e-10, 5.8572e-02],
        [1.0000e-10, 1.0000e-10, 1.0000e-10, 1.0000e-10, 1.0000e-10, 5.1685e-01,
         1.0000e-10, 1.0000e-10, 1.0000e-10, 1.0000e-10, 1.0000e-10, 1.0000e-10,
         1.0000e-10, 1.0000e-10, 1.0000e-10, 6.5485e-02],
        [1.0000e-10, 1.0000e-10, 1.0000e-10, 1.0000e-10, 1.0000e-10, 1.0000e-10,
         1.0000e-10, 1.0000e-10, 1.0000e-10, 1.0000e-10, 1.0000e-10, 1.0000e-10,
         1.0000e-10, 1.0000e-10, 1.0000e-10, 1.4580e-02],
        [1.0000e-10, 1.0000e-10, 1.0000e-10, 1.0000e-10, 1.0000e-10, 1.0000e-10,
         1.0000e-10, 6.3393e-01, 1.0000e-10, 1.0000e-10, 1.0000e-10, 1.0000e-10,
         1.0000e-10, 1.0000e-10, 1.0000e-10, 5.4676e-02],
        [1.0000e-10, 1.0000e-10, 1.0000e-10, 1.0000e-10, 1.0000e-10, 1.0000e-10,
         1.0000e-10, 1.0000e-10, 5.0000e-01, 1.0000e-10, 1.0000e-10, 1.0000e-10,
         1.0000e-10, 1.0000e-10, 1.0000e-10, 5.2979e-02],
        [1.0000e-10, 1.0000e-10, 1.0000e-10, 1.0000e-10, 1.0000e-10, 1.0000e-10,
         1.0000e-10, 1.0000e-10, 1.0000e-10, 4.5614e-01, 1.0000e-10, 1.0000e-10,
         1.0000e-10, 1.0000e-10, 1.0000e-10, 2.4447e-02],
        [1.0000e-10, 1.0000e-10, 1.0000e-10, 1.0000e-10, 1.0000e-10, 1.0000e-10,
         1.0000e-10, 1.0000e-10, 1.0000e-10, 1.0000e-10, 6.3333e-01, 1.0000e-10,
         1.0000e-10, 1.0000e-10, 1.0000e-10, 2.1745e-02],
        [1.0000e-10, 1.0000e-10, 1.0000e-10, 1.0000e-10, 1.0000e-10, 1.0000e-10,
         1.0000e-10, 1.0000e-10, 1.0000e-10, 1.0000e-10, 1.0000e-10, 6.2500e-01,
         1.0000e-10, 1.0000e-10, 1.0000e-10, 1.8728e-02],
        [1.0000e-10, 1.0000e-10, 1.0000e-10, 1.0000e-10, 1.0000e-10, 1.0000e-10,
         1.0000e-10, 1.0000e-10, 1.0000e-10, 1.0000e-10, 1.0000e-10, 1.0000e-10,
         5.0000e-01, 1.0000e-10, 1.0000e-10, 3.7456e-02],
        [1.0000e-10, 1.0000e-10, 1.0000e-10, 1.0000e-10, 1.0000e-10, 1.0000e-10,
         1.0000e-10, 1.0000e-10, 1.0000e-10, 1.0000e-10, 1.0000e-10, 1.0000e-10,
         1.0000e-10, 5.0000e-01, 1.0000e-10, 2.2624e-03],
        [1.0000e-10, 1.0000e-10, 1.0000e-10, 1.0000e-10, 1.0000e-10, 1.0000e-10,
         1.0000e-10, 1.0000e-10, 1.0000e-10, 1.0000e-10, 1.0000e-10, 1.0000e-10,
         1.0000e-10, 1.0000e-10, 7.4888e-01, 1.8188e-01],
        [3.8286e-01, 2.8947e-01, 3.2345e-01, 4.8148e-01, 4.2180e-01, 4.8315e-01,
         1.0000e+00, 3.6607e-01, 5.0000e-01, 5.4386e-01, 3.6667e-01, 3.7500e-01,
         5.0000e-01, 5.0000e-01, 2.5112e-01, 1.0000e-10]])
